YR	MON	DAY	PREC	Z500Z	500zonal	Z500merid
2011	4	1	0.00	0.47	0.44	-0.53
2011	4	2	0.00	0.42	0.53	0.64
2011	4	3	0.00	0.42	0.53	1.47
2011	4	4	0.00	-0.31	-0.85	1.56
2011	4	5	0.00	-0.49	-0.33	0.06
2011	4	6	0.00	-0.85	-0.68	-0.02
2011	4	7	2.40	-0.80	0.44	-0.25
2011	4	8	0.05	-0.24	0.44	1.28
2011	4	9	0.00	0.47	0.53	1.44
2011	4	10	0.00	0.66	-0.33	1.87
2011	4	11	2.16	0.70	-0.68	1.03
2011	4	12	0.33	0.75	0.45	-1.06
2011	4	13	0.00	0.40	-0.59	1.89
2011	4	14	0.00	0.09	-0.59	0.17
2011	4	15	0.00	0.14	0.45	1.01
2011	4	16	0.00	-0.80	-0.07	0.07
2011	4	17	0.38	-0.61	0.36	-0.12
2011	4	18	0.42	-0.24	0.62	0.22
2011	4	19	0.09	-0.02	0.97	-0.47
2011	4	20	0.00	-0.14	0.01	-0.67
2011	4	21	0.00	-0.40	-0.77	1.49
2011	4	22	0.00	-0.21	0.36	-0.50
2011	4	23	0.75	-0.82	-1.02	0.26
2011	4	24	1.22	-0.92	0.88	-0.10
2011	4	25	0.00	-0.96	0.19	0.67
2011	4	26	0.89	-0.87	0.54	-1.31
2011	4	27	0.14	-0.89	0.02	0.21
2011	4	28	3.38	-1.13	0.45	0.45
2011	4	29	1.27	-0.94	1.05	-1.36
2011	4	30	0.33	-0.17	0.62	-0.07
2011	5	1	0.00	0.21	-0.08	0.65
2011	5	2	0.00	0.28	-0.25	-0.49
2011	5	3	0.00	-0.40	-1.03	-1.00
2011	5	4	0.00	-0.07	0.27	-1.35
2011	5	5	0.00	0.00	0.27	-0.18
2011	5	6	4.14	0.47	0.71	0.21
2011	5	7	0.00	0.33	-0.59	1.52
2011	5	8	0.00	0.12	-0.16	1.11
2011	5	9	0.00	0.02	-0.07	0.92
2011	5	10	0.00	-0.07	-0.50	0.98
2011	5	11	0.00	-0.05	-0.16	1.30
2011	5	12	0.00	-0.05	-0.42	1.98
2011	5	13	0.00	-0.17	-0.68	1.98
2011	5	14	5.08	-0.33	0.71	-0.37
2011	5	15	0.00	0.02	0.45	-0.98
2011	5	16	13.53	0.33	1.66	-1.13
2011	5	17	1.13	0.84	0.19	0.65
2011	5	18	0.00	0.77	-0.08	0.88
2011	5	19	0.00	0.42	-0.42	1.62
2011	5	20	0.00	0.21	-0.42	-1.31
2011	5	21	0.00	0.05	-0.59	-0.96
2011	5	22	0.00	-0.26	-0.85	-0.96
2011	5	23	28.20	-0.02	1.05	-0.77
2011	5	24	3.38	0.68	0.62	-0.23
2011	5	25	0.00	0.82	0.10	2.18
2011	5	26	0.00	0.80	-0.16	0.19
2011	5	27	0.00	-0.31	-2.06	-0.69
2011	5	28	7.90	0.02	2.26	0.05
2011	5	29	0.00	-0.59	-1.80	-1.30
2011	5	30	0.00	-1.03	0.10	-1.52
2011	5	31	11.28	-0.35	-0.33	0.17
2011	6	1	3.38	-0.56	0.79	-0.16
2011	6	2	3.38	-0.31	0.79	0.11
2011	6	3	1.13	0.42	0.70	0.74
2011	6	4	0.00	0.42	-0.08	0.67
2011	6	5	0.00	0.02	-0.59	1.81
2011	6	6	0.00	0.40	1.32	-1.35
2011	6	7	0.00	0.84	0.36	0.22
2011	6	8	0.00	0.77	-0.25	-1.94
2011	6	9	0.00	0.19	-1.72	-1.05
2011	6	10	0.00	-0.17	-0.33	0.09
2011	6	11	16.92	0.21	1.05	-0.60
2011	6	12	0.00	0.12	-0.68	-0.60
2011	6	13	9.59	0.05	0.27	-0.67
2011	6	14	3.95	0.00	-0.25	-0.78
2011	6	15	0.00	0.07	0.19	-1.90
2011	6	16	0.00	-0.40	-0.42	-0.96
2011	6	17	0.00	-0.02	1.14	0.19
2011	6	18	5.08	0.63	1.75	0.17
2011	6	19	0.00	1.06	0.45	0.49
2011	6	20	0.00	1.34	0.27	0.42
2011	6	21	0.00	1.45	0.36	0.48
2011	6	22	0.00	1.38	-0.33	1.05
2011	6	23	0.00	1.13	-0.25	1.81
2011	6	24	0.00	0.63	-1.11	0.95
2011	6	25	0.00	0.16	-0.33	0.66
2011	6	26	0.00	0.26	0.02	0.17
2011	6	27	0.00	0.84	0.88	1.52
2011	6	28	0.00	1.03	-0.33	0.62
2011	6	29	0.00	0.61	-0.50	0.06
2011	6	30	1.13	0.44	-0.25	-1.17
2011	7	1	30.45	0.40	0.10	-0.54
2011	7	2	8.46	0.42	-0.16	-0.87
2011	7	3	3.95	0.59	0.10	-1.39
2011	7	4	0.00	0.19	-0.94	-1.43
2011	7	5	1.13	0.21	0.88	0.05
2011	7	6	6.77	0.91	0.53	-0.87
2011	7	7	0.00	1.17	0.53	-0.77
2011	7	8	0.00	1.13	0.10	-0.71
2011	7	9	0.00	0.98	0.01	0.08
2011	7	10	0.00	0.87	-0.08	0.06
2011	7	11	0.00	0.47	-0.59	0.05
2011	7	12	0.00	-0.14	-0.42	0.33
2011	7	13	0.00	0.14	0.62	0.23
2011	7	14	0.00	-0.02	-0.25	0.52
2011	7	15	1.69	-0.52	0.19	0.37
2011	7	16	0.00	-0.66	-0.16	0.99
2011	7	17	0.00	-1.15	-0.50	0.16
2011	7	18	0.00	-1.27	0.88	0.39
2011	7	19	0.00	-1.74	-0.68	0.21
2011	7	20	0.00	-2.40	0.36	0.22
2011	7	21	1.13	-1.46	0.62	0.29
2011	7	22	0.00	-1.27	0.10	-0.23
2011	7	23	3.95	-1.93	-1.28	-0.55
2011	7	24	7.90	-0.56	2.70	-0.31
2011	7	25	3.01	1.08	2.96	-0.92
2011	7	26	0.00	1.69	0.10	1.21
2011	7	27	0.00	1.71	-0.59	1.52
2011	7	28	0.00	1.13	-0.94	1.87
2011	7	29	0.00	0.77	0.36	2.49
2011	7	30	0.00	0.82	-1.63	2.18
2011	7	31	0.00	0.63	0.02	0.67
2011	8	1	0.00	0.33	-0.42	0.41
2011	8	2	0.00	-0.05	-0.33	0.63
2011	8	3	0.00	-1.01	-1.28	0.70
2011	8	4	0.00	-2.68	-2.41	-0.35
2011	8	5	0.00	-3.55	-0.16	0.56
2011	8	6	6.20	-2.07	1.40	-0.38
2011	8	7	0.56	-0.85	0.79	0.35
2011	8	8	9.59	0.59	1.92	0.04
2011	8	9	0.00	1.41	0.45	0.33
2011	8	10	0.00	1.48	-0.08	-0.01
2011	8	11	0.00	0.91	-0.68	0.13
2011	8	12	0.00	0.37	-0.68	0.56
2011	8	13	0.00	0.73	1.05	0.90
2011	8	14	0.00	0.44	-0.25	-1.64
2011	8	15	0.00	0.70	0.01	0.23
2011	8	16	0.00	0.42	-0.33	1.36
2011	8	17	0.00	0.70	1.83	-0.23
2011	8	18	0.00	0.68	0.10	-0.80
2011	8	19	0.00	0.70	-0.07	-1.30
2011	8	20	0.00	0.54	-0.51	-1.65
2011	8	21	4.51	-0.89	-0.33	-0.28
2011	8	22	0.56	-1.43	-1.81	-0.69
2011	8	23	0.00	-1.67	2.01	-0.44
2011	8	24	0.00	0.19	1.49	-1.76
2011	8	25	0.00	0.91	0.27	-1.30
2011	8	26	0.00	0.66	-0.25	-1.21
2011	8	27	1.69	0.35	0.36	-0.50
2011	8	28	3.95	0.63	1.05	-0.58
2011	8	29	0.00	1.48	0.44	-2.01
2011	8	30	0.00	0.96	-1.02	-2.07
2011	8	31	3.38	0.28	-0.16	-0.27
2011	9	1	0.00	-1.25	-2.93	-0.48
2011	9	2	20.30	-2.94	-0.33	-0.83
2011	9	3	15.23	-1.60	1.49	-0.11
2011	9	4	1.69	-0.05	0.19	-0.35
2011	9	5	0.00	-0.21	-0.07	0.00
2011	9	6	0.00	-0.54	-0.68	0.30
2011	9	7	6.77	-1.10	0.10	-0.27
2011	9	8	3.38	-2.23	-1.03	-0.28
2011	9	9	9.59	-1.83	-0.25	-0.56
2011	9	10	5.08	-1.20	0.27	-0.53
2011	9	11	1.13	-0.96	0.97	-0.75
2011	9	12	1.69	-0.42	0.27	-0.96
2011	9	13	1.13	0.14	0.02	-0.40
2011	9	14	0.00	0.23	0.19	-0.83
2011	9	15	0.00	0.82	0.97	-1.00
2011	9	16	0.00	0.94	-0.42	-0.96
2011	9	17	0.00	0.66	-0.59	-0.99
2011	9	18	0.00	0.23	-0.16	-1.37
2011	9	19	0.00	0.28	-0.07	-1.10
2011	9	20	0.00	-0.17	-1.37	-0.34
2011	9	21	10.15	-0.09	0.45	-1.06
2011	9	22	0.00	0.80	0.19	-0.47
2011	9	23	3.95	1.64	1.32	-0.83
2011	9	24	0.00	2.18	0.36	-0.23
2011	9	25	0.00	2.25	-0.51	-0.28
2011	9	26	0.00	1.71	-0.25	-0.01
2011	9	27	0.00	1.43	0.27	-0.78
2011	9	28	0.00	0.70	-0.33	-0.07
2011	9	29	0.00	-0.31	-1.11	-0.61
2011	9	30	0.00	-0.02	0.71	-1.11
2011	10	1	0.00	0.52	-0.16	-1.87
2011	10	2	0.00	1.13	0.27	0.35
2011	10	3	0.00	1.81	-0.08	0.21
2011	10	4	0.00	1.27	-1.37	0.70
2011	10	5	0.00	0.82	0.10	0.54
2011	10	6	0.00	0.84	0.10	0.17
2011	10	7	0.00	1.81	0.19	0.60
2011	10	8	0.00	1.57	-0.94	0.54
2011	10	9	0.00	0.82	-0.85	0.96
2011	10	10	0.00	0.63	-0.16	0.46
2011	10	11	0.00	0.80	1.22	0.07
2011	10	12	0.00	0.89	-1.37	0.06
2011	10	13	0.00	0.82	-0.85	-0.04
2011	10	14	0.00	0.07	-0.60	0.57
2011	10	15	1.13	0.09	0.27	-0.47
2011	10	16	0.00	0.44	1.14	0.48
2011	10	17	4.06	-0.28	-1.72	0.29
2011	10	18	3.38	0.52	-0.33	-0.76
2011	10	19	0.00	-1.06	-1.81	-0.53
2011	10	20	3.38	-0.68	0.36	-0.48
2011	10	21	5.41	-2.33	0.01	-0.80
2011	10	22	0.00	-3.27	-2.41	-0.55
2011	10	23	0.00	-1.69	4.52	-0.42
2011	10	24	2.71	-0.94	2.70	-0.28
2011	10	25	7.90	-0.02	1.40	-0.04
2011	10	26	4.06	0.40	0.27	-0.05
2011	10	27	0.00	1.06	0.19	-0.10
2011	10	28	0.00	1.01	-0.51	-0.16
2011	10	29	0.00	0.70	0.36	-0.05
2011	10	30	0.00	0.73	-1.11	0.40
2011	10	31	0.00	0.70	-0.42	0.66
2011	11	1	0.00	-0.19	-1.63	0.17
2011	11	2	0.00	-1.36	-0.77	0.60
2011	11	3	0.00	-0.92	-0.77	0.24
2011	11	4	2.71	-2.84	-0.42	0.08
2011	11	5	2.03	-1.53	0.01	-0.49
2011	11	6	16.35	-1.32	-0.68	-0.26
2011	11	7	16.35	-0.92	-0.25	-0.32
2011	11	8	10.15	-0.68	2.53	-0.29
2011	11	9	0.00	0.47	-0.77	-0.23
2011	11	10	0.00	0.40	-0.16	-0.47
2011	11	11	9.59	0.19	2.61	0.09
2011	11	12	3.95	1.06	1.05	-0.93
2011	11	13	0.00	1.88	0.62	-1.19
2011	11	14	0.00	1.78	-0.42	-1.24
2011	11	15	0.00	1.69	0.19	-1.71
2011	11	16	0.00	1.34	-0.51	-1.57
2011	11	17	0.00	0.91	-0.77	-1.68
2011	11	18	0.00	-0.38	-2.93	-1.13
2011	11	19	6.77	-1.72	1.05	-0.06
2011	11	20	4.06	-1.06	3.13	-0.58
2011	11	21	2.71	0.77	0.36	0.35
2011	11	22	0.00	0.77	-0.16	-1.53
2011	11	23	2.71	0.98	0.10	-1.92
2011	11	24	10.15	0.35	-0.25	-0.08
2011	11	25	3.95	0.44	0.36	-0.77
2011	11	26	2.82	0.84	0.19	-0.42
2011	11	27	0.00	0.23	-1.20	-0.34
2011	11	28	19.17	-0.54	-0.07	-0.09
2011	11	29	1.13	0.61	1.49	0.08
2011	11	30	0.00	1.69	2.26	0.33
2011	12	1	0.00	1.31	-0.76	0.04
2011	12	2	0.00	0.28	-1.11	0.37
2011	12	3	0.00	-0.42	-0.94	0.43
2011	12	4	3.95	-2.35	-2.24	-0.23
2011	12	5	6.77	-1.13	0.71	0.19
2011	12	6	0.00	-1.46	0.79	0.35
2011	12	7	0.00	-2.12	-0.42	0.21
2011	12	8	0.00	-2.42	-0.50	0.50
2011	12	9	0.00	-0.87	2.96	0.59
2011	12	10	0.00	-0.61	0.62	0.41
2011	12	11	0.00	0.12	0.62	-0.09
2011	12	12	0.00	-0.09	-0.25	0.07
2011	12	13	0.00	-0.05	-0.68	0.11
2011	12	14	0.00	-1.10	-1.28	0.07
2011	12	15	0.00	-1.46	0.02	0.19
2011	12	16	0.00	-1.32	-0.25	-0.89
2011	12	17	0.00	-0.49	0.70	-1.38
2011	12	18	0.00	0.21	0.88	-0.81
2011	12	19	0.00	0.82	0.53	-1.68
2011	12	20	0.00	1.10	0.19	-0.23
2011	12	21	0.00	1.03	-0.25	1.62
2011	12	22	0.00	0.91	0.27	0.30
2011	12	23	0.00	0.30	-1.20	0.83
2011	12	24	0.00	-0.35	-2.59	0.88
2011	12	25	0.00	-0.61	-1.29	1.06
2011	12	26	0.00	-1.60	-0.42	0.87
2011	12	27	0.00	-1.83	-1.80	1.20
2011	12	28	0.00	-2.16	-0.77	0.94
2011	12	29	0.00	-1.72	0.53	0.18
2011	12	30	0.00	-1.53	0.10	0.21
2011	12	31	0.00	-1.76	-0.25	1.04
2012	1	1	0.00	-1.15	1.49	-0.12
2012	1	2	0.00	-0.40	0.44	-0.75
2012	1	3	0.00	0.16	0.97	-0.57
2012	1	4	0.00	0.70	0.62	1.02
2012	1	5	0.00	0.73	-0.76	1.01
2012	1	6	0.00	0.35	-0.25	1.47
2012	1	7	0.00	0.37	0.10	1.30
2012	1	8	0.00	0.98	0.53	1.22
2012	1	9	0.00	0.56	-0.68	1.47
2012	1	10	0.00	-0.26	-1.20	1.85
2012	1	11	0.00	-1.06	-1.29	-0.89
2012	1	12	0.00	-1.79	-0.76	-1.42
2012	1	13	0.75	-1.83	0.01	-0.31
2012	1	14	17.48	-3.13	-1.98	-0.19
2012	1	15	3.38	-2.54	0.71	-1.33
2012	1	16	0.00	-2.00	1.83	-0.27
2012	1	17	0.00	-1.18	1.92	0.52
2012	1	18	0.00	-0.87	0.19	0.21
2012	1	19	0.00	-0.52	1.14	0.47
2012	1	20	0.00	0.05	0.27	0.39
2012	1	21	0.00	-0.31	0.19	0.67
2012	1	22	0.00	0.35	0.44	1.15
2012	1	23	0.00	0.63	0.19	0.98
2012	1	24	0.00	0.35	-0.42	1.36
2012	1	25	0.00	1.01	0.71	1.26
2012	1	26	0.00	1.41	-0.07	0.93
2012	1	27	0.00	1.10	-0.60	1.31
2012	1	28	0.00	0.54	-0.77	1.04
2012	1	29	0.00	0.16	-0.42	1.59
2012	1	30	0.00	0.05	-0.68	1.05
2012	1	31	0.00	-0.05	-0.68	-1.47
2012	2	1	0.00	-0.56	-1.11	-1.78
2012	2	2	0.00	-1.01	-1.02	-1.55
2012	2	3	0.00	-1.69	-1.28	-1.26
2012	2	4	5.64	-2.42	0.44	-0.23
2012	2	5	5.64	-1.18	2.70	-0.85
2012	2	6	7.90	-0.07	-1.02	-1.07
2012	2	7	0.00	-0.75	-2.15	-1.33
2012	2	8	13.53	-1.03	0.10	-0.88
2012	2	9	6.77	0.49	2.18	-0.69
2012	2	10	0.00	0.09	-1.20	-1.64
2012	2	11	27.07	-0.14	1.14	-0.85
2012	2	12	0.00	0.49	0.27	-1.33
2012	2	13	0.00	0.61	0.36	-1.84
2012	2	14	0.00	0.89	0.01	-1.81
2012	2	15	0.00	0.87	-0.08	-2.63
2012	2	16	0.00	0.68	-0.59	-2.96
2012	2	17	0.00	0.44	0.01	-0.23
2012	2	18	0.00	0.05	-1.20	1.38
2012	2	19	0.00	-0.02	-0.16	1.78
2012	2	20	0.00	0.59	0.44	1.73
2012	2	21	0.00	0.89	0.44	1.57
2012	2	22	0.00	0.56	-0.68	1.69
2012	2	23	0.00	-0.17	-1.11	2.34
2012	2	24	0.00	0.37	1.75	-1.24
2012	2	25	0.00	0.44	-0.16	-0.78
2012	2	26	0.56	0.00	-1.55	-1.71
2012	2	27	1.13	-1.41	-0.33	-0.18
2012	2	28	6.77	-0.26	4.60	0.18
2012	3	1	0.00	0.54	0.19	-2.21
2012	3	2	0.00	0.30	-0.85	-1.36
2012	3	3	0.00	0.59	0.44	-0.58
2012	3	4	0.00	0.16	-0.85	1.81
2012	3	5	0.00	0.26	0.71	-0.05
2012	3	6	0.00	0.47	0.01	2.29
2012	3	7	0.00	0.16	-0.94	2.38
2012	3	8	0.00	-0.12	0.01	-0.64
2012	3	9	3.95	-0.38	-0.25	1.01
2012	3	10	13.53	-0.19	0.79	-0.10
2012	3	11	1.69	1.15	1.49	0.22
2012	3	12	0.00	1.27	-0.16	1.03
2012	3	13	0.00	0.87	-0.60	1.14
2012	3	14	0.00	0.94	-0.07	-0.10
2012	3	15	0.00	0.82	-0.25	0.93
2012	3	16	0.00	0.28	-0.59	1.66
2012	3	17	0.00	-0.09	-0.68	-0.23
2012	3	18	0.00	-0.05	0.10	-1.02
2012	3	19	1.69	0.52	1.40	-0.42
2012	3	20	0.00	0.61	0.10	0.85
2012	3	21	0.00	0.28	-0.59	1.25
2012	3	22	0.00	0.77	0.44	1.21
2012	3	23	0.00	0.89	-0.51	2.47
2012	3	24	0.00	0.30	-0.85	2.29
2012	3	25	0.00	-0.05	-1.29	1.05
2012	3	26	0.00	0.26	0.36	1.16
2012	3	27	6.20	0.07	0.01	-0.23
2012	3	28	3.38	0.28	0.02	-0.16
2012	3	29	0.00	-0.17	-1.20	1.40
2012	3	30	0.00	-0.59	-0.50	1.18
2012	3	31	6.77	-1.10	-0.07	0.27
